-38.75
-30.04
-30.07
-31.26
-34.71
-30.03
-25.28

-36.06
-18.56
-16.26
-29.47
-29.99
-29.34
-15.95

-15.21
-15.03
-29.96
-29.95
-29.96
-29.98
-29.99

-25
-25
-25
-25
-25
-25
-25

-25
-25
-25
-25
-25
-25
-25

-25
-25
-25
-25
-25
-25
-25

-25
-25
-25
-25
-25
-25
-25

-20
-20
-20
-20
-20
-20

-20
-20
-20
-20
-20
-20

-20
-20
-20
-20
-20
-20

-20
-20
-20
-20
-20
-20

-20
-20
-20
-20
-20
-20

-20
-20
-20
-20
-20
-20

-20
-20
-20
-20
-20
-20

-20
-20
-20
-20
-20
-20

-20
-20
-20
-20
-20
-20

-20
-20
-20
-20
-20
-20

-20
-20
-20
-20
-20
-20

-20
-20
-20
-20
-20
-20

-20
-20
-20
